0 0.10693333333333334 0.16242258652094718 0.1411047619047619 0.28768670309653915
0 0.30720000000000003 0.13856102003642987 0.14735238095238096 0.277103825136612
0 0.3191047619047619 0.32074681238615665 0.13725714285714286 0.2363934426229508
0 0.23816190476190477 0.42570127504553734 0.1406952380952381 0.30058287795992716
0 0.05769523809523809 0.6053551912568306 0.11311428571428571 0.33202185792349725
0 0.23635238095238095 0.7840983606557378 0.15040952380952383 0.3215482695810565
0 0.37138095238095237 0.6403278688524591 0.14239047619047618 0.31455373406193077
0 0.5396571428571428 0.5758287795992714 0.13798095238095237 0.3094171220400729
0 0.5351809523809524 0.2828597449908925 0.1652190476190476 0.3355009107468124
0 0.42080952380952386 0.23183970856102004 0.0983904761904762 0.24801457194899817
0 0.543752380952381 0.0935336976320583 0.14045714285714284 0.18635701275045538
0 0.6563142857142857 0.27830601092896173 0.0951047619047619 0.2863023679417122
0 0.7551619047619047 0.33258652094717667 0.14422857142857143 0.22728597449908924
0 0.8427714285714285 0.4534061930783242 0.1823047619047619 0.3559927140255009
0 0.9200952380952381 0.24932604735883424 0.15980952380952382 0.2830054644808743
0 0.7464000000000001 0.18555555555555556 0.14194285714285715 0.17728597449908925
0 0.7026 0.8010382513661202 0.14576190476190476 0.2789253187613843
0 0.43757142857142856 0.8817850637522769 0.17 0.23642987249544628