1 0.32539184952978056 0.2179113924050633 0.1115987460815047 0.19373417721518987
1 0.1976489028213166 0.3963291139240506 0.07557993730407524 0.14715189873417722
1 0.09805642633228841 0.5496835443037974 0.05855799373040752 0.12544303797468354
1 0.03642633228840125 0.6454430379746836 0.054827586206896546 0.11126582278481012
1 0.17601880877742945 0.6581012658227848 0.05774294670846396 0.10493670886075948
1 0.25438871473354235 0.6818354430379747 0.049905956112852666 0.12075949367088606
1 0.5399059561128526 0.7087341772151899 0.06648902821316614 0.1271518987341772
1 0.7648275862068965 0.3605696202531645 0.07742946708463949 0.190253164556962
1 0.8986206896551725 0.40367088607594936 0.09818181818181819 0.17367088607594938
1 0.9607210031347964 0.6137974683544304 0.061724137931034484 0.15873417721518987
1 0.9047021943573669 0.7213924050632912 0.051567398119122254 0.08917721518987341
1 0.7886206896551724 0.6691772151898735 0.07213166144200628 0.15873417721518987
1 0.7326959247648902 0.738987341772152 0.05238244514106583 0.13626582278481014